35 0
( 25,270,1), ( 50,270,1 ), ( 25,270,1), (50,270,1
(0,270,0), (25,135,0), (35.35,225,1), (50,90,1
(25,270,1), (25,315,1), (35.35,135,1), (25,0,1
(25,225,1), (35.35,135,1), (25,225,1), (35.35,135,1
(0,270,0), (25,90,1), (25,270,1), (25,180,1), (50,270,1
(25,180,1), (25,90,1), (25,90,1), (25,270,1), (25,270,1), (25,180,1
(25,225,0), (35.35,45,1), (25,90,1), (25,90,1), (25,90,1), (25,180,1
(25,225,1), (35.35,45,1), (25,90,1
(25,270,1), (25,270,1), (25,90,1), (25,180,1), (50,180,1), (50,90,1), (25,90,1), (25,270,1
(0,270,0), (25,90,1), (25,225,1), (35.35,180,1), (35.35,45,1), (25,90,1), (25,180,1
